generateData statistics

alpha: 0.03125	0.28125	0.15625	0.25	0.0625	0.21875	
miu: 11	0	0	11	1	4	
sigma: 0.5892963269046407	2.1153010502648506	0.7548129400594057	0.8631691244377551	0.5987905943552941	0.49707275910621124	

 EM algorithm statistics
alpha: [[0.6003433  0.00337826 0.0887274  0.1        0.0112726  0.19627844]]	
miu: [[10.15771656  1.42009782  0.95193404  1.14735664  0.95193404  1.42370419]]	
sigma: [[3.02645951 0.06732063 0.         0.         0.         0.0674143 ]]	
